Version 0.9.7
5
 4 10 175 77 128 0 1
 5 80 400 206 81 2 2
 0 110 110 877 276 8 3
 1 461 11 206 81 140 4
 3 142 14 203 58 150 5
 0
22
 16711680 5 153 51 153 75 170 75 170 137 176 137 176 137 0 5 0 3
 16711680 5 71 189 71 189 71 124 71 124 163 124 163 124 0 1 0 3
 16711680 5 163 137 163 137 100 137 100 249 71 249 71 249 0 3 0 1
 16711680 5 71 288 71 288 71 358 71 358 163 358 163 358 0 1 0 3
 16711680 5 476 80 476 80 476 137 476 137 475 137 475 137 0 4 0 3
 16711680 5 476 22 476 22 436 22 436 22 436 124 436 124 0 4 0 3
 16711680 5 517 48 517 48 527 48 527 338 436 338 436 280 0 4 0 3
 16711680 5 514 280 514 280 514 280 514 358 514 358 514 358 0 3 0 3
 16711680 5 436 215 436 215 430 215 430 124 423 124 423 124 0 3 0 3
 16711680 5 319 280 319 280 319 280 319 358 319 358 319 358 0 3 0 3
 16711680 5 241 215 241 215 241 215 241 124 241 124 241 124 0 3 0 3
 16711680 5 555 48 565 48 565 451 241 451 241 280 241 280 0 4 0 3
 16711680 5 254 280 254 280 254 442 449 442 449 280 449 280 0 3 0 3
 16711680 5 462 280 462 280 462 438 644 438 644 280 644 280 0 3 0 3
 16711680 5 722 280 722 280 722 280 722 358 722 358 722 358 0 3 0 3
 16711680 5 644 215 644 215 644 215 644 124 644 124 644 124 0 3 0 3
 16711680 5 517 35 528 35 528 431 267 431 267 280 267 280 0 4 0 3
 16711680 5 280 280 280 280 280 423 475 423 475 280 475 280 0 3 0 3
 16711680 5 536 48 536 48 536 414 293 414 293 280 293 280 0 4 0 3
 16711680 5 306 280 306 280 306 403 488 403 488 280 488 280 0 3 0 3
 16711680 5 501 280 501 280 501 319 657 319 657 280 657 280 0 3 0 3
 16711680 5 670 280 670 280 670 102 328 102 328 58 328 58 0 3 0 5
3
 7008 1 14 430 228 5 0 0 0 3
 7004 1 14 235 228 5 0 0 0 3
 7032 1 14 638 228 5 0 0 0 3
